   1.0000000000000000e+00   4.0281975404193409e-09   1.9820077817692306e-05
   2.0000000000000000e+00   1.6120605990369122e-08   3.9649942766572565e-05
   3.0000000000000000e+00   3.6300707341724634e-08   5.9499401136175587e-05
   4.0000000000000000e+00   6.4607753524411606e-08   7.9378297613021614e-05
   5.0000000000000000e+00   1.0109694022564305e-07   9.9296534680417257e-05
   6.0000000000000000e+00   1.4583965205541811e-07   1.1926409226145198e-04
   7.0000000000000000e+00   1.9892378090150716e-07   1.3929104768898494e-04
   8.0000000000000000e+00   2.6045411987944826e-07   1.5938759608879409e-04
   9.0000000000000000e+00   3.3055283587291178e-07   1.7956407126508206e-04
   1.0000000000000000e+01   4.0936002428416191e-07   1.9983096718123280e-04
   1.1000000000000000e+01   4.9703435028082313e-07   2.2019896013312988e-04
   1.2000000000000000e+01   5.9375378154201817e-07   2.4067893171753811e-04
   1.3000000000000000e+01   6.9971641828328170e-07   2.6128199270406726e-04
   1.4000000000000000e+01   8.1514142718558605e-07   2.8201950792615545e-04
   1.5000000000000000e+01   9.4027008678064593e-07   3.0290312231440961e-04
   1.6000000000000000e+01   1.0753669528651000e-06   3.2394478820461930e-04
   1.7000000000000000e+01   1.2207211536445950e-06   3.4515679406292186e-04
   1.8000000000000000e+01   1.3766478255615174e-06   3.6655179478207669e-04
   1.9000000000000000e+01   1.5434897021557247e-06   3.8814284371573748e-04
   2.0000000000000000e+01   1.7216188698674430e-06   4.0994342663217063e-04
   2.1000000000000000e+01   1.9114387064398710e-06   4.3196749778524407e-04
   2.2000000000000000e+01   2.1133860195441320e-06   4.5422951831891297e-04
   2.3000000000000000e+01   2.3279334054634322e-06   4.7674449724212831e-04
   2.4000000000000000e+01   2.5555918501740941e-06   4.9952803523435607e-04
   2.5000000000000000e+01   2.7969135979921838e-06   5.2259637156807737e-04
   2.6000000000000000e+01   3.0524953161660514e-06   5.4596643446409810e-04
   2.7000000000000000e+01   3.3229815874464927e-06   5.6965589522870006e-04
   2.8000000000000000e+01   3.6090687668258650e-06   5.9368322655909593e-04
   2.9000000000000000e+01   3.9115092433861262e-06   6.1806776544591708e-04
   3.0000000000000000e+01   4.2311161536276917e-06   6.4282978114924201e-04
   3.1000000000000000e+01   4.5687685988772373e-06   6.6799054877873906e-04
   3.2000000000000000e+01   4.9254174265239820e-06   6.9357242906979710e-04
   3.3000000000000000e+01   5.3020916430649648e-06   7.1959895501709785e-04
   3.4000000000000000e+01   5.6999055364333649e-06   7.4609492610619801e-04
   3.5000000000000000e+01   6.1200665960570075e-06   7.7308651097380198e-04
   3.6000000000000000e+01   6.5638843318050938e-06   8.0060135943022719e-04
   3.7000000000000000e+01   7.0327801077380704e-06   8.2866872489507665e-04
   3.8000000000000000e+01   7.5282981237466422e-06   8.5731959843175971e-04
   3.9000000000000000e+01   8.0521176981931481e-06   8.8658685572093690e-04
   4.0000000000000000e+01   8.6060670280832268e-06   9.1650541849061854e-04
   4.1000000000000000e+01   9.1921386307383749e-06   9.4711243212532484e-04
   4.2000000000000000e+01   9.8125067031859914e-06   9.7844746141315174e-04
   4.3000000000000000e+01   1.0469546673472611e-05   1.0105527066632746e-03
   4.4000000000000000e+01   1.1165857262983203e-05   1.0434732427440272e-03
   4.5000000000000000e+01   1.1904285432011053e-05   1.0772572839611414e-03
   4.6000000000000000e+01   1.2687954643981674e-05   1.1119564781266391e-03
   4.7000000000000000e+01   1.3520296958994085e-05   1.1476262336727195e-03
   4.8000000000000000e+01   1.4405089557300131e-05   1.1843260842558287e-03
   4.9000000000000000e+01   1.5346496401213746e-05   1.2221200959908805e-03
   5.0000000000000000e+01   1.6349115873722756e-05   1.2610773232750346e-03
   5.1000000000000000e+01   1.7418035388757342e-05   1.3012723201299072e-03
   5.2000000000000000e+01   1.8558894157903248e-05   1.3427857151416386e-03
   5.3000000000000000e+01   1.9777955529206032e-05   1.3857048594483306e-03
   5.4000000000000000e+01   2.1082190595548000e-05   1.4301245588614273e-03
   5.5000000000000000e+01   2.2479375115532328e-05   1.4761479031707395e-03
   5.6000000000000000e+01   2.3978202215017595e-05   1.5238872080457419e-03
   5.7000000000000000e+01   2.5588413863111143e-05   1.5734650878010202e-03
   5.8000000000000000e+01   2.7320954769248369e-05   1.6250156807578538e-03
   5.9000000000000000e+01   2.9188153162578356e-05   1.6786860531546686e-03
   6.0000000000000000e+01   3.1203933936392611e-05   1.7346378127244162e-03
   6.1000000000000000e+01   3.3384070928011190e-05   1.7930489694076355e-03
   6.2000000000000000e+01   3.5746486736588080e-05   1.8541160885158967e-03
   6.3000000000000000e+01   3.8311610561649267e-05   1.9180567914029146e-03
   6.4000000000000000e+01   4.1102807212909553e-05   1.9851126708628529e-03
   6.5000000000000000e+01   4.4146893884483191e-05   2.0555527037433934e-03
   6.6000000000000000e+01   4.7474765758583360e-05   2.1296772625409746e-03
   6.7000000000000000e+01   5.1122157353724840e-05   2.2078228522426952e-03
   6.8000000000000000e+01   5.5130574241464901e-05   2.2903677300092416e-03
   6.9000000000000000e+01   5.9548439994075177e-05   2.3777386056386442e-03
   7.0000000000000000e+01   6.4432516935646031e-05   2.4704186730861392e-03
   7.1000000000000000e+01   6.9849677789367859e-05   2.5689572917297287e-03
   7.2000000000000000e+01   7.5879130565036142e-05   2.6739817262392595e-03
   7.3000000000000000e+01   8.2615233801327373e-05   2.7862114737840370e-03
   7.4000000000000000e+01   9.0171087662612183e-05   2.9064758681713872e-03
   7.5000000000000000e+01   9.8683154483182719e-05   3.0357358684977966e-03
   7.6000000000000000e+01   1.0831725934243496e-04   3.1751112384421493e-03
   7.7000000000000000e+01   1.1927646120654487e-04   3.3259147358586125e-03
   7.8000000000000000e+01   1.3181148994936443e-04   3.4896955121166248e-03
   7.9000000000000000e+01   1.4623474873758476e-04   3.6682947442315994e-03
   8.0000000000000000e+01   1.6293934050163266e-04   3.8639177093819348e-03
   8.1000000000000000e+01   1.8242528295451006e-04   4.0792282471815424e-03
   8.2000000000000000e+01   2.0533618233747772e-04   4.3174741367515207e-03
   8.3000000000000000e+01   2.3251140548744296e-04   4.5826558254274414e-03
   8.4000000000000000e+01   2.6506168797218213e-04   4.8797569851094184e-03
   8.5000000000000000e+01   3.0448098661719683e-04   5.2150649046047749e-03
   8.6000000000000000e+01   3.5281580741651307e-04   5.5966241349679029e-03
   8.7000000000000000e+01   4.1292827784672741e-04   6.0348923760625301e-03
   8.8000000000000000e+01   4.8891706446605755e-04   6.5437112836043499e-03
   8.9000000000000000e+01   5.8681388953402505e-04   7.1417819820097190e-03
   9.0000000000000000e+01   7.1578176380404982e-04   7.8549761308276365e-03
   9.1000000000000000e+01   8.9027201549081317e-04   8.7200819661171717e-03
   9.2000000000000000e+01   1.1341213820329845e-03   9.7911189700699338e-03
   9.3000000000000000e+01   1.4888518427621292e-03   1.1150468162426293e-02
   9.4000000000000000e+01   2.0318601777849954e-03   1.2929492303562804e-02
   9.5000000000000000e+01   2.9203825429713172e-03   1.5348764946798009e-02
   9.6000000000000000e+01   4.5118271644069173e-03   1.8799602668791715e-02
   9.7000000000000000e+01   7.7500614318139812e-03   2.4000134525206433e-02
   9.8000000000000000e+01   1.5668214171227976e-02   3.2061096589230016e-02
   9.9000000000000000e+01   3.9598201119241790e-02   4.0218001851581225e-02
   1.0000000000000000e+02   7.9587624220363321e-02   4.3512363055184559e-04
   1.0100000000000000e+02   3.9996595885127981e-02  -3.9347733284350837e-02
   1.0200000000000000e+02   1.6178513691621682e-02  -3.1572774063868395e-02
   1.0300000000000000e+02   8.1812661419405526e-03  -2.3702727173213117e-02
   1.0400000000000000e+02   4.8662511566461945e-03  -1.8589978564804089e-02
   1.0500000000000000e+02   3.2171338289522186e-03  -1.5184453730514153e-02
   1.0600000000000000e+02   2.2859172783476702e-03  -1.2791108270151575e-02
   1.0700000000000000e+02   1.7106448374501954e-03  -1.1028121641900175e-02
   1.0800000000000000e+02   1.3309137467404518e-03  -9.6792852911359358e-03
   1.0900000000000000e+02   1.0672390064431221e-03  -8.6154436451425474e-03
   1.1000000000000000e+02   8.7670941434159341e-04  -7.7554215482893481e-03
   1.1100000000000000e+02   7.3454210928180922e-04  -7.0459009817841096e-03
   1.1200000000000000e+02   6.2562447445534499e-04  -6.4505232991522799e-03
   1.1300000000000000e+02   5.4031967299289138e-04  -5.9436914194125751e-03
   1.1400000000000000e+02   4.7224868572929012e-04  -5.5068861462026332e-03
   1.1500000000000000e+02   4.1705304853181411e-04  -5.1263901097521923e-03
   1.1600000000000000e+02   3.7167271903178434e-04  -4.7918327781355293e-03
   1.1700000000000000e+02   3.3390794650056351e-04  -4.4952321415181306e-03
   1.1800000000000000e+02   3.0214437777708984e-04  -4.2303466798378625e-03
   1.1900000000000000e+02   2.7517544466633111e-04  -3.9922267994170679e-03
   1.2000000000000000e+02   2.5208459738650248e-04  -3.7768978131225163e-03
   1.2100000000000000e+02   2.3216540295424950e-04  -3.5811316731216960e-03
   1.2200000000000000e+02   2.1486620775268211e-04  -3.4022798276218775e-03
   1.2300000000000000e+02   1.9975109700280465e-04  -3.2381489620421072e-03
   1.2400000000000000e+02   1.8647188705470905e-04  -3.0869073385444545e-03
   1.2500000000000000e+02   1.7474772484348986e-04  -2.9470133050849669e-03
   1.2600000000000000e+02   1.6435002070799772e-04  -2.8171600938411818e-03
   1.2700000000000000e+02   1.5509117785873804e-04  -2.6962327435198978e-03
   1.2800000000000000e+02   1.4681606264081812e-04  -2.5832741528071146e-03
   1.2900000000000000e+02   1.3939547903692807e-04  -2.4774580866535616e-03
   1.3000000000000000e+02   1.3272112635436396e-04  -2.3780675306913955e-03
   1.3100000000000000e+02   1.2670166668539450e-04  -2.2844771983654890e-03
   1.3200000000000000e+02   1.2125963130468852e-04  -2.1961392909644727e-03
   1.3300000000000000e+02   1.1632896735699740e-04  -2.1125718266526558e-03
   1.3400000000000000e+02   1.1185307760905471e-04  -2.0333490139847299e-03
   1.3500000000000000e+02   1.0778324308095361e-04  -1.9580932641989428e-03
   1.3600000000000000e+02   1.0407734533744526e-04  -1.8864685259786561e-03
   1.3700000000000000e+02   1.0069882504427299e-04  -1.8181746942177882e-03
   1.3800000000000000e+02   9.7615828105437351e-05  -1.7529428962390944e-03
   1.3900000000000000e+02   9.4800501709060107e-05  -1.6905314989440266e-03
   1.4000000000000000e+02   9.2228410920542668e-05  -1.6307227114645455e-03
   1.4100000000000000e+02   8.9878052783376895e-05  -1.5733196822031933e-03
   1.4200000000000000e+02   8.7730449731978507e-05  -1.5181440082888502e-03
   1.4300000000000000e+02   8.5768807858652651e-05  -1.4650335906365407e-03
   1.4400000000000000e+02   8.3978228480088556e-05  -1.4138407798787436e-03
   1.4500000000000000e+02   8.2345463718138512e-05  -1.3644307681132267e-03
   1.4600000000000000e+02   8.0858708594148449e-05  -1.3166801892071853e-03
   1.4700000000000000e+02   7.9507423547388523e-05  -1.2704758967076416e-03
   1.4800000000000000e+02   7.8282182410343754e-05  -1.2257138935411549e-03
   1.4900000000000000e+02   7.7174541770628376e-05  -1.1822983918807067e-03
   1.5000000000000000e+02   7.6176928369862414e-05  -1.1401409850009664e-03
   1.5100000000000000e+02   7.5282541771454998e-05  -1.0991599157814144e-03
   1.5200000000000000e+02   7.4485270000838679e-05  -1.0592794288659542e-03
   1.5300000000000000e+02   7.3779616245774163e-05  -1.0204291954394092e-03
   1.5400000000000000e+02   7.3160635018471249e-05  -9.8254380120899021e-04
   1.5500000000000000e+02   7.2623876439231885e-05  -9.4556228954105275e-04
   1.5600000000000000e+02   7.2165337513996011e-05  -9.0942775284744972e-04
   1.5700000000000000e+02   7.1781419454177740e-05  -8.7408696627965052e-04
   1.5800000000000000e+02   7.1468890233379229e-05  -8.3949005860345090e-04
   1.5900000000000000e+02   7.1224851697450069e-05  -8.0559021581771365e-04
   1.6000000000000000e+02   7.1046710646322506e-05  -7.7234341366777645e-04
   1.6100000000000000e+02   7.0932153391650054e-05  -7.3970817570477273e-04
   1.6200000000000000e+02   7.0879123366379609e-05  -7.0764535397005153e-04
   1.6300000000000000e+02   7.0885801423333021e-05  -6.7611792975065521e-04
   1.6400000000000000e+02   7.0950588511562172e-05  -6.4509083216687216e-04
   1.6500000000000000e+02   7.1072090463233055e-05  -6.1453077262418302e-04
   1.6600000000000000e+02   7.1249104661369667e-05  -5.8440609339602582e-04
   1.6700000000000000e+02   7.1480608390997981e-05  -5.5468662880622886e-04
   1.6800000000000000e+02   7.1765748703954630e-05  -5.2534357765528466e-04
   1.6900000000000000e+02   7.2103833651581290e-05  -4.9634938568685429e-04
   1.7000000000000000e+02   7.2494324760326108e-05  -4.6767763702308402e-04
   1.7100000000000000e+02   7.2936830643418720e-05  -4.3930295361243091e-04
   1.7200000000000000e+02   7.3431101657705144e-05  -4.1120090183393741e-04
   1.7300000000000000e+02   7.3977025528779950e-05  -3.8334790548932439e-04
   1.7400000000000000e+02   7.4574623880044029e-05  -3.5572116449048854e-04
   1.7500000000000000e+02   7.5224049612506103e-05  -3.2829857861653682e-04
   1.7600000000000000e+02   7.5925585092261020e-05  -3.0105867577244651e-04
   1.7700000000000000e+02   7.6679641111814016e-05  -2.7398054423198029e-04
   1.7800000000000000e+02   7.7486756599945574e-05  -2.4704376839136693e-04
   1.7900000000000000e+02   7.8347599062783958e-05  -2.2022836759833146e-04
   1.8000000000000000e+02   7.9262965746300517e-05  -1.9351473765391906e-04
   1.8100000000000000e+02   8.0233785517700069e-05  -1.6688359461271784e-04
   1.8200000000000000e+02   8.1261121470252863e-05  -1.4031592053109253e-04
   1.8300000000000000e+02   8.2346174263121010e-05  -1.1379291083316048e-04
   1.8400000000000000e+02   8.3490286214773699e-05  -8.7295922980914418e-05
   1.8500000000000000e+02   8.4694946175767807e-05  -6.0806426148280753e-05
   1.8600000000000000e+02   8.5961795214099362e-05  -3.4305951609273847e-05
   1.8700000000000000e+02   8.7292633154114279e-05  -7.7760435579021596e-06
   1.8800000000000000e+02   8.8689426018218699e-05   1.8801789917780991e-05
   1.8900000000000000e+02   9.0154314429472955e-05   4.5446125983026513e-05
   1.9000000000000000e+02   9.1689623042715560e-05   7.2175676601250402e-05
   1.9100000000000000e+02   9.3297871082299429e-05   9.9009338755733886e-05
   1.9200000000000000e+02   9.4981784075980606e-05   1.2596624563338162e-04
   1.9300000000000000e+02   9.6744306887172854e-05   1.5306581906438259e-04
   1.9400000000000000e+02   9.8588618161865431e-05   1.8032782352313671e-04
   1.9500000000000000e+02   1.0051814632223459e-04   2.0777242201033309e-04
   1.9600000000000000e+02   1.0253658725662574e-04   2.3542023415383149e-04
   1.9700000000000000e+02   1.0464792387545189e-04   2.6329239688724425e-04
   1.9800000000000000e+02   1.0685644772499874e-04   2.9141062809014920e-04
   1.9900000000000000e+02   1.0916678287655908e-04   3.1979729360304197e-04
   2.0000000000000000e+02   1.1158391233722198e-04   3.4847547806394672e-04
   2.0100000000000000e+02   1.1411320726156567e-04   3.7746906005243163e-04
   2.0200000000000000e+02   1.1676045928111584e-04   4.0680279207141849e-04
   2.0300000000000000e+02   1.1953191631149003e-04   4.3650238594808991e-04
   2.0400000000000000e+02   1.2243432224656248e-04   4.6659460429343324e-04
   2.0500000000000000e+02   1.2547496100582520e-04   4.9710735872626137e-04
   2.0600000000000000e+02   1.2866170546664473e-04   5.2806981564317641e-04
   2.0700000000000000e+02   1.3200307188882400e-04   5.5951251040205143e-04
   2.0800000000000000e+02   1.3550828052655539e-04   5.9146747088476546e-04
   2.0900000000000000e+02   1.3918732322461356e-04   6.2396835151682631e-04
   2.1000000000000000e+02   1.4305103891403204e-04   6.5705057894920645e-04
   2.1100000000000000e+02   1.4711119806056121e-04   6.9075151075348603e-04
   2.1200000000000000e+02   1.5138059728059350e-04   7.2511060864808826e-04
   2.1300000000000000e+02   1.5587316552834489e-04   7.6016962796413576e-04
   2.1400000000000000e+02   1.6060408348023765e-04   7.9597282527801307e-04
   2.1500000000000000e+02   1.6558991800408074e-04   8.3256718638856332e-04
   2.1600000000000000e+02   1.7084877390962858e-04   8.7000267710501413e-04
   2.1700000000000000e+02   1.7640046554298007e-04   9.0833251964341356e-04
   2.1800000000000000e+02   1.8226671122174775e-04   9.4761349781155948e-04
   2.1900000000000000e+02   1.8847135402533225e-04   9.8790629460360668e-04
   2.2000000000000000e+02   1.9504061307265235e-04   1.0292758663355112e-03
   2.2100000000000000e+02   2.0200337016014274e-04   1.0717918580429916e-03
   2.2200000000000000e+02   2.0939149752280877e-04   1.1155290655482139e-03
   2.2300000000000000e+02   2.1724023355434546e-04   1.1605679503964520e-03
   2.2400000000000000e+02   2.2558861462086799e-04   1.2069952147881989e-03
   2.2500000000000000e+02   2.3447997267951376e-04   1.2549044447083468e-03
   2.2600000000000000e+02   2.4396251033455813e-04   1.3043968307082329e-03
   2.2700000000000000e+02   2.5408996731388891e-04   1.3555819772595771e-03
   2.2800000000000000e+02   2.6492239523455001e-04   1.4085788133076020e-03
   2.2900000000000000e+02   2.7652706108391960e-04   1.4635166186457945e-03
   2.3000000000000000e+02   2.8897950424766091e-04   1.5205361830650363e-03
   2.3100000000000000e+02   3.0236477739183304e-04   1.5797911179499754e-03
   2.3200000000000000e+02   3.1677890834562353e-04   1.6414493431669494e-03
   2.3300000000000000e+02   3.3233062871161520e-04   1.7056947757770734e-03
   2.3400000000000000e+02   3.4914342574723288e-04   1.7727292513852492e-03
   2.3500000000000000e+02   3.6735798776434342e-04   1.8427747138683183e-03
   2.3600000000000000e+02   3.8713513074313663e-04   1.9160757148697835e-03
   2.3700000000000000e+02   4.0865931619303315e-04   1.9929022708333752e-03
   2.3800000000000000e+02   4.3214289904283795e-04   2.0735531324471428e-03
   2.3900000000000000e+02   4.5783128155470936e-04   2.1583595290569214e-03
   2.4000000000000000e+02   4.8600919770291733e-04   2.2476894585794034e-03
   2.4100000000000000e+02   5.1700841590682852e-04   2.3419526010959434e-03
   2.4200000000000000e+02   5.5121723161151491e-04   2.4416059405279740e-03
   2.4300000000000000e+02   5.8909223205742345e-04   2.5471601816321136e-03
   2.4400000000000000e+02   6.3117296347647465e-04   2.6591870456629677e-03
   2.4500000000000000e+02   6.7810032952441183e-04   2.7783275117880661e-03
   2.4600000000000000e+02   7.3063981803735514e-04   2.9053010332433281e-03
   2.4700000000000000e+02   7.8971101784605896e-04   3.0409156814997455e-03
   2.4800000000000000e+02   8.5642538582060318e-04   3.1860790320211354e-03
   2.4900000000000000e+02   9.3213490906153779e-04   3.3418093574489093e-03
   2.5000000000000000e+02   1.0184952515606459e-03   3.5092462642198055e-03
   2.5100000000000000e+02   1.1175482801465467e-03   3.6896591716913162e-03
   2.5200000000000000e+02   1.2318306683895288e-03   3.8844507763835536e-03
   2.5300000000000000e+02   1.3645177576555307e-03   4.0951505045504141e-03
   2.5400000000000000e+02   1.5196152241372619e-03   4.3233893083165888e-03
   2.5500000000000000e+02   1.7022155630761495e-03   4.5708409211387951e-03
   2.5600000000000000e+02   1.9188420121984834e-03   4.8391039775706529e-03
   2.5700000000000000e+02   2.1779088240990517e-03   5.1294809631060321e-03
   2.5800000000000000e+02   2.4903318041549819e-03   5.4425782077536606e-03
   2.5900000000000000e+02   2.8703209897819196e-03   5.7775967545226244e-03
   2.6000000000000000e+02   3.3363632447564553e-03   6.1310923193712468e-03
   2.6100000000000000e+02   3.9123198910380420e-03   6.4948341185053441e-03
   2.6200000000000000e+02   4.6283396486540970e-03   6.8521724053493983e-03
   2.6300000000000000e+02   5.5207426256907522e-03   7.1720681808992177e-03
   2.6400000000000000e+02   6.6288417609768318e-03   7.3998797027442957e-03
   2.6500000000000000e+02   7.9844381490078338e-03   7.4449706704286323e-03
   2.6600000000000000e+02   9.5867803999294451e-03   7.1693684081193003e-03
   2.6700000000000000e+02   1.1356114933286256e-02   6.3925653389401427e-03
   2.6800000000000000e+02   1.3075496792307269e-02   4.9437009018905775e-03
   2.6900000000000000e+02   1.4377864736039593e-02   2.7863279542168027e-03
   2.7000000000000000e+02   1.4871875461847522e-02   1.5615275311030909e-04
   2.7100000000000000e+02   1.4388877162857427e-02  -2.4646852264057972e-03
   2.7200000000000000e+02   1.3113730930137154e-02  -4.6035671425526670e-03
   2.7300000000000000e+02   1.1437873940845097e-02  -6.0416172389147517e-03
   2.7400000000000000e+02   9.7172254281680231e-03  -6.8232230300897291e-03
   2.7500000000000000e+02   8.1586568982858904e-03  -7.1168880788377159e-03
   2.7600000000000000e+02   6.8376300810918502e-03  -7.0969933609236983e-03
   2.7700000000000000e+02   5.7549191355501838e-03  -6.8962108761372355e-03
   2.7800000000000000e+02   4.8805795674771064e-03  -6.6019192781024286e-03
   2.7900000000000000e+02   4.1774707681988535e-03  -6.2671904896188001e-03
   2.8000000000000000e+02   3.6111519349310201e-03  -5.9225398902096943e-03
   2.8100000000000000e+02   3.1529275338127460e-03  -5.5846467947259408e-03
   2.8200000000000000e+02   2.7800122794302737e-03  -5.2620267668374828e-03
   2.8300000000000000e+02   2.4747121349543494e-03  -4.9585065643847339e-03
   2.8400000000000000e+02   2.2234149499087831e-03  -4.6752922446123297e-03
   2.8500000000000000e+02   2.0156770030269741e-03  -4.4121831619448812e-03
   2.8600000000000000e+02   1.8434799843416191e-03  -4.1682807210259567e-03
   2.8700000000000000e+02   1.7006534350305184e-03  -3.9424025984124839e-03
   2.8800000000000000e+02   1.5824329630106868e-03  -3.7333273380796149e-03
   2.8900000000000000e+02   1.4851205821851557e-03  -3.5399426752929005e-03
   2.9000000000000000e+02   1.4058160876450636e-03  -3.3613398715922238e-03
   2.9100000000000000e+02   1.3421920864315872e-03  -3.1968765229636463e-03
   2.9200000000000000e+02   1.2922888509619499e-03  -3.0462156487036608e-03
   2.9300000000000000e+02   1.2543097235528039e-03  -2.9093354054982421e-03
   2.9400000000000000e+02   1.2264067974701444e-03  -2.7864897300400988e-03
   2.9500000000000000e+02   1.2064653492924809e-03  -2.6780877953156935e-03
   2.9600000000000000e+02   1.1919282835893327e-03  -2.5844587461583534e-03
   2.9700000000000000e+02   1.1797433120745529e-03  -2.5054954542398501e-03
   2.9800000000000000e+02   1.1665378406852599e-03  -2.4402427514958950e-03
   2.9900000000000000e+02   1.1490790797659886e-03  -2.3865955342484853e-03
   3.0000000000000000e+02   1.1249298102369376e-03  -2.3413225708208045e-03
   3.0100000000000000e+02   1.0930315489370143e-03  -2.3005308229175209e-03
   3.0200000000000000e+02   1.0539038450593657e-03  -2.2604372766041126e-03
   3.0300000000000000e+02   1.0093397614300659e-03  -2.2181058682208083e-03
   3.0400000000000000e+02   9.6176925139308659e-04  -2.1718349449701946e-03
   3.0500000000000000e+02   9.1360726525406186e-04  -2.1211164900625133e-03
   3.0600000000000000e+02   8.6682004047066049e-04  -2.0663134065311371e-03
   3.0700000000000000e+02   8.2276205950422619e-04  -2.0082654065434529e-03
   3.0800000000000000e+02   7.8220987172490967e-04  -1.9479667148607029e-03
   3.0900000000000000e+02   7.4548900849266654e-04  -1.8863628986052171e-03
   3.1000000000000000e+02   7.1261742433846348e-04  -1.8242526254333043e-03
   3.1100000000000000e+02   6.8342711671103029e-04  -1.7622594539414352e-03
   3.1200000000000000e+02   6.5765286201776131e-04  -1.7008415222241056e-03
   3.1300000000000000e+02   6.3499069186114193e-04  -1.6403171882767578e-03
   3.1400000000000000e+02   6.1513328482099786e-04  -1.5808941936321995e-03
   3.1500000000000000e+02   5.9778951827287974e-04  -1.5226964454900602e-03
   3.1600000000000000e+02   5.8269391903040322e-04  -1.4657862763786649e-03
   3.1700000000000000e+02   5.6961005399736053e-04  -1.4101819284772562e-03
   3.1800000000000000e+02   5.5833050888315025e-04  -1.3558708100548300e-03
   3.1900000000000000e+02   5.4867510271813878e-04  -1.3028193109337258e-03
   3.2000000000000000e+02   5.4048831934769617e-04  -1.2509799473871580e-03
   3.2100000000000000e+02   5.3363651408569717e-04  -1.2002964939151197e-03
   3.2200000000000000e+02   5.2800519491778418e-04  -1.1507076257330725e-03
   3.2300000000000000e+02   5.2349652432483434e-04  -1.1021494733047491e-03
   3.2400000000000000e+02   5.2002709999579783e-04  -1.0545573891322577e-03
   3.2500000000000000e+02   5.1752602454957573e-04  -1.0078671480220533e-03
   3.2600000000000000e+02   5.1593324967014187e-04  -9.6201574228120361e-04
   3.2700000000000000e+02   5.1519816884225086e-04  -9.1694188896259462e-04
   3.2800000000000000e+02   5.1527842918375265e-04  -8.7258633378876926e-04
   3.2900000000000000e+02   5.1613893317719835e-04  -8.2889201275866133e-04
   3.3000000000000000e+02   5.1775100336563633e-04  -7.8580411534317856e-04
   3.3100000000000000e+02   5.2009168614239537e-04  -7.4327008083687396e-04
   3.3200000000000000e+02   5.2314317400506817e-04  -7.0123955054625831e-04
   3.3300000000000000e+02   5.2689232873859857e-04  -6.5966429210338588e-04
   3.3400000000000000e+02   5.3133029079452713e-04  -6.1849810760423031e-04
   3.3500000000000000e+02   5.3645216259293562e-04  -5.7769673398404774e-04
   3.3600000000000000e+02   5.4225675559147792e-04  -5.3721774169722901e-04
   3.3700000000000000e+02   5.4874639276806571e-04  -4.9702043610860445e-04
   3.3800000000000000e+02   5.5592675968656180e-04  -4.5706576484122886e-04
   3.3900000000000000e+02   5.6380679859663395e-04  -4.1731623352974831e-04
   3.4000000000000000e+02   5.7239864109636805e-04  -3.7773583190308215e-04
   3.4100000000000000e+02   5.8171757579202185e-04  -3.3828997179812990e-04
   3.4200000000000000e+02   5.9178204815180417e-04  -2.9894543853884261e-04
   3.4300000000000000e+02   6.0261369039339620e-04  -2.5967035706959545e-04
   3.4400000000000000e+02   6.1423737978766747e-04  -2.2043417428465212e-04
   3.4500000000000000e+02   6.2668132421901061e-04  -1.8120765913229379e-04
   3.4600000000000000e+02   6.3997717422788062e-04  -1.4196292228356244e-04
   3.4700000000000000e+02   6.5416016108199484e-04  -1.0267345743722299e-04
   3.4800000000000000e+02   6.6926926068450242e-04  -6.3314206684119767e-05
   3.4900000000000000e+02   6.8534738333279443e-04  -2.3861652777483239e-05
   3.5000000000000000e+02   7.0244158948942444e-04   1.5706058343548785e-05
   3.5100000000000000e+02   7.2060333181299375e-04   5.5408960845247776e-05
   3.5200000000000000e+02   7.3988872371376802e-04   9.5265073495116870e-05
   3.5300000000000000e+02   7.6035883463452961e-04   1.3529015996936429e-04
   3.5400000000000000e+02   7.8208001209451343e-04   1.7549743867926180e-04
   3.5500000000000000e+02   8.0512423025075688e-04   2.1589723479319432e-04
   3.5600000000000000e+02   8.2956946429664708e-04   2.5649656595486538e-04
   3.5700000000000000e+02   8.5550008939349264e-04   2.9729865186133573e-04
   3.5800000000000000e+02   8.8300730196852614e-04   3.3830233635307670e-04
   3.5900000000000000e+02   9.1218956004978475e-04   3.7950140896973576e-04
   3.6000000000000000e+02   9.4315303776777129e-04   4.2088381103272057e-04
   3.6100000000000000e+02   9.7601208713903888e-04   4.6243070922792596e-04
   3.6200000000000000e+02   1.0108896976400487e-03   5.0411541739126160e-04
   3.6300000000000000e+02   1.0479179407354908e-03   5.4590214477426020e-04
   3.6400000000000000e+02   1.0872383822691774e-03   5.8774454654296384e-04
   3.6500000000000000e+02   1.1290024402478202e-03   6.2958404973271164e-04
   3.6600000000000000e+02   1.1733716588016845e-03   6.7134792548988697e-04
   3.6700000000000000e+02   1.2205178607058390e-03   7.1294707639795590e-04
   3.6800000000000000e+02   1.2706231304685993e-03   7.5427350632670752e-04
   3.6900000000000000e+02   1.3238795672894732e-03   7.9519744001296084e-04
   3.7000000000000000e+02   1.3804887317938493e-03   8.3556406110517735e-04
   3.7100000000000000e+02   1.4406606920242652e-03   8.7518984154046748e-04
   3.7200000000000000e+02   1.5046125524379207e-03   9.1385844301487829e-04
   3.7300000000000000e+02   1.5725663245164249e-03   9.5131618445966847e-04
   3.7400000000000000e+02   1.6447459692078459e-03   9.8726708977323052e-04
   3.7500000000000000e+02   1.7213734104374557e-03   1.0213675599893618e-03
   3.7600000000000000e+02   1.8026632867147437e-03   1.0532207565000318e-03
   3.7700000000000000e+02   1.8888161768871425e-03   1.0823708402701744e-03
   3.7800000000000000e+02   1.9800100103367271e-03   1.1082972898577110e-03
   3.7900000000000000e+02   2.0763893574576877e-03   1.1304096220974152e-03
   3.8000000000000000e+02   2.1780523018536586e-03   1.1480429664178953e-03
   3.8100000000000000e+02   2.2850346333760591e-03   1.1604550980275573e-03
   3.8200000000000000e+02   2.3972911865292714e-03   1.1668257142721061e-03
   3.8300000000000000e+02   2.5146743009850704e-03   1.1662589342214657e-03
   3.8400000000000000e+02   2.6369096213673571e-03   1.1577901971573279e-03
   3.8500000000000000e+02   2.7635698029974845e-03   1.1403989021625989e-03
   3.8600000000000000e+02   2.8940471642405503e-03   1.1130282242380737e-03
   3.8700000000000000e+02   3.0275269260637504e-03   1.0746135010804392e-03
   3.8800000000000000e+02   3.1629633820922111e-03   1.0241203324309052e-03
   3.8900000000000000e+02   3.2990620862799035e-03   9.6059298708308738e-04
   3.9000000000000000e+02   3.4342718180944889e-03   8.8321279734648840e-04
   3.9100000000000000e+02   3.5667905180074622e-03   7.9136490076877404e-04
   3.9200000000000000e+02   3.6945893622456175e-03   6.8471000286056882e-04
   3.9300000000000000e+02   3.8154584325243404e-03   5.6325593518797928e-04
   3.9400000000000000e+02   3.9270758465609250e-03   4.2742196370149403e-04
   3.9500000000000000e+02   4.0270996927064436e-03   2.7808748833121758e-04
   3.9600000000000000e+02   4.1132788231877061e-03   1.1661646204187660e-04
   3.9700000000000000e+02   4.1835749508645163e-03  -5.5150015402885577e-05
   3.9800000000000000e+02   4.2362852680433091e-03  -2.3493769361082985e-04
   3.9900000000000000e+02   4.2701527935411470e-03  -4.2012026000868652e-04
   4.0000000000000000e+02   4.2844515813223885e-03  -6.0783290356977574e-04
   4.0100000000000000e+02   4.2790361444167216e-03  -7.9510875672202618e-04
   4.0200000000000000e+02   4.2543487517840315e-03  -9.7902489788840273e-04
   4.0300000000000000e+02   4.2113838553001120e-03  -1.1568430401848993e-03
   4.0400000000000000e+02   4.1516146307335449e-03  -1.3261310232743151e-03
   4.0500000000000000e+02   4.0768912696050831e-03  -1.4848544985816919e-03
   4.0600000000000000e+02   3.9893233641098693e-03  -1.6314329321034382e-03
   4.0700000000000000e+02   3.8911591646741588e-03  -1.7647591499499822e-03
   4.0800000000000000e+02   3.7846729120439458e-03  -1.8841860930636873e-03
   4.0900000000000000e+02   3.6720685126356740e-03  -1.9894875350213522e-03
   4.1000000000000000e+02   3.5554043468065543e-03  -2.0808009977655146e-03
   4.1100000000000000e+02   3.4365406963437622e-03  -2.1585611165007446e-03
   4.1200000000000000e+02   3.3171086369118896e-03  -2.2234306491311921e-03
   4.1300000000000000e+02   3.1984974780651671e-03  -2.2762346737833991e-03
   4.1400000000000000e+02   3.0818569345605804e-03  -2.3179016993198458e-03
   4.1500000000000000e+02   2.9681100209703838e-03  -2.3494137386603077e-03
   4.1600000000000000e+02   2.8579729607209228e-03  -2.3717660383300271e-03
   4.1700000000000000e+02   2.7519789787985192e-03  -2.3859361799830510e-03
   4.1800000000000000e+02   2.6505035328827169e-03  -2.3928616514821183e-03
   4.1900000000000000e+02   2.5537892115982059e-03  -2.3934246641370898e-03
   4.2000000000000000e+02   2.4619691213546326e-03  -2.3884428918120679e-03
   4.2100000000000000e+02   2.3750880640548309e-03  -2.3786648531055402e-03
   4.2200000000000000e+02   2.2931211722887041e-03  -2.3647687886345532e-03
   4.2300000000000000e+02   2.2159899273154469e-03  -2.3473640560917161e-03
   4.2400000000000000e+02   2.1435756560869400e-03  -2.3269942453166183e-03
   4.2500000000000000e+02   2.0757307063821208e-03  -2.3041413852544880e-03
   4.2600000000000000e+02   2.0122875519882656e-03  -2.2792307643919470e-03
   4.2700000000000000e+02   1.9530660981063107e-03  -2.2526360121588943e-03
   4.2800000000000000e+02   1.8978794528421300e-03  -2.2246841907537012e-03
   4.2900000000000000e+02   1.8465384127808395e-03  -2.1956607268919896e-03
   4.3000000000000000e+02   1.7988548856292148e-03  -2.1658140740870454e-03
   4.3100000000000000e+02   1.7546444450890161e-03  -2.1353600414991711e-03
   4.3200000000000000e+02   1.7137281852721369e-03  -2.1044857582552482e-03
   4.3300000000000000e+02   1.6759340157436057e-03  -2.0733532651988516e-03
   4.3400000000000000e+02   1.6410975145612714e-03  -2.0421027416172377e-03
   4.3500000000000000e+02   1.6090624358348225e-03  -2.0108553845034909e-03
   4.3600000000000000e+02   1.5796809503907092e-03  -1.9797159638559100e-03
   4.3700000000000000e+02   1.5528136829493799e-03  -1.9487750805580648e-03
   4.3800000000000000e+02   1.5283295965422103e-03  -1.9181111544083246e-03
   4.3900000000000000e+02   1.5061057644189936e-03  -1.8877921695371423e-03
   4.4000000000000000e+02   1.4860270611191792e-03  -1.8578772032487956e-03
   4.4100000000000000e+02   1.4679857974120632e-03  -1.8284177625999343e-03
   4.4200000000000000e+02   1.4518813181905624e-03  -1.7994589510258307e-03
   4.4300000000000000e+02   1.4376195778993228e-03  -1.7710404852164002e-03
   4.4400000000000000e+02   1.4251127044912909e-03  -1.7431975803404091e-03
   4.4500000000000000e+02   1.4142785600693838e-03  -1.7159617196907825e-03
   4.4600000000000000e+02   1.4050403041401247e-03  -1.6893613229195621e-03
   4.4700000000000000e+02   1.3973259636678153e-03  -1.6634223252716327e-03
   4.4800000000000000e+02   1.3910680127749342e-03  -1.6381686786208285e-03
   4.4900000000000000e+02   1.3862029639094161e-03  -1.6136227836613566e-03
   4.5000000000000000e+02   1.3826709715289388e-03  -1.5898058613057135e-03
   4.5100000000000000e+02   1.3804154487859093e-03  -1.5667382701791631e-03
   4.5200000000000000e+02   1.3793826972937047e-03  -1.5444397760695349e-03
   4.5300000000000000e+02   1.3795215497827912e-03  -1.5229297782787343e-03
   4.5400000000000000e+02   1.3807830252888851e-03  -1.5022274970180639e-03
   4.5500000000000000e+02   1.3831199964342337e-03  -1.4823521252829370e-03
   4.5600000000000000e+02   1.3864868683513979e-03  -1.4633229480248487e-03
   4.5700000000000000e+02   1.3908392688441345e-03  -1.4451594309012900e-03
   4.5800000000000000e+02   1.3961337494721258e-03  -1.4278812804211535e-03
   4.5900000000000000e+02   1.4023274973775466e-03  -1.4115084769082652e-03
   4.6000000000000000e+02   1.4093780578352060e-03  -1.3960612813749844e-03
   4.6100000000000000e+02   1.4172430676988605e-03  -1.3815602171279215e-03
   4.6200000000000000e+02   1.4258800001293050e-03  -1.3680260267168003e-03
   4.6300000000000000e+02   1.4352459212203727e-03  -1.3554796046840547e-03
   4.6400000000000000e+02   1.4452972593824087e-03  -1.3439419064764564e-03
   4.6500000000000000e+02   1.4559895885940316e-03  -1.3334338338411478e-03
   4.6600000000000000e+02   1.4672774268867693e-03  -1.3239760970472476e-03
   4.6700000000000000e+02   1.4791140516770764e-03  -1.3155890543516497e-03
   4.6800000000000000e+02   1.4914513337996095e-03  -1.3082925292638957e-03
   4.6900000000000000e+02   1.5042395923163562e-03  -1.3021056063605655e-03
   4.7000000000000000e+02   1.5174274723697492e-03  -1.2970464066535130e-03
   4.7100000000000000e+02   1.5309618485044841e-03  -1.2931318438269977e-03
   4.7200000000000000e+02   1.5447877559921857e-03  -1.2903773630229981e-03
   4.7300000000000000e+02   1.5588483527444563e-03  -1.2887966642668638e-03
   4.7400000000000000e+02   1.5730849143821431e-03  -1.2884014130799585e-03
   4.7500000000000000e+02   1.5874368649312449e-03  -1.2892009413125296e-03
   4.7600000000000000e+02   1.6018418454284448e-03  -1.2912019417369159e-03
   4.7700000000000000e+02   1.6162358224334557e-03  -1.2944081604535358e-03
   4.7800000000000000e+02   1.6305532380541615e-03  -1.2988200916627642e-03
   4.7900000000000000e+02   1.6447272025904038e-03  -1.3044346798250146e-03
   4.8000000000000000e+02   1.6586897302924295e-03  -1.3112450346474188e-03
   4.8100000000000000e+02   1.6723720180145609e-03  -1.3192401646752419e-03
   4.8200000000000000e+02   1.6857047657319224e-03  -1.3284047355057848e-03
   4.8300000000000000e+02   1.6986185369920750e-03  -1.3387188587586068e-03
   4.8400000000000000e+02   1.7110441564133698e-03  -1.3501579179065969e-03
   4.8500000000000000e+02   1.7229131403426455e-03  -1.3626924368787541e-03
   4.8600000000000000e+02   1.7341581557764644e-03  -1.3762879969729481e-03
   4.8700000000000000e+02   1.7447135016665190e-03  -1.3909052070562727e-03
   4.8800000000000000e+02   1.7545156058089697e-03  -1.4064997312800576e-03
   4.8900000000000000e+02   1.7635035296981860e-03  -1.4230223776017441e-03
   4.9000000000000000e+02   1.7716194730472855e-03  -1.4404192493015623e-03
   4.9100000000000000e+02   1.7788092691778576e-03  -1.4586319604313566e-03
   4.9200000000000000e+02   1.7850228621925032e-03  -1.4775979147683741e-03
   4.9300000000000000e+02   1.7902147567927099e-03  -1.4972506464080567e-03
   4.9400000000000000e+02   1.7943444318094300e-03  -1.5175202186632655e-03
   4.9500000000000000e+02   1.7973767089827402e-03  -1.5383336764938061e-03
   4.9600000000000000e+02   1.7992820692571973e-03  -1.5596155463223939e-03
   4.9700000000000000e+02   1.8000369098364608e-03  -1.5812883758540414e-03
   4.9800000000000000e+02   1.7996237364382582e-03  -1.6032733054539871e-03
   4.9900000000000000e+02   1.7980312865721760e-03  -1.6254906617982330e-03
   5.0000000000000000e+02   1.7952545811822326e-03  -1.6478605639245586e-03
   5.0100000000000000e+02   1.7912949036011285e-03  -1.6703035315049220e-03
   5.0200000000000000e+02   1.7861597063966242e-03  -1.6927410851440990e-03
   5.0300000000000000e+02   1.7798624482945565e-03  -1.7150963287838725e-03
   5.0400000000000000e+02   1.7724223648812923e-03  -1.7372945048436980e-03
   5.0500000000000000e+02   1.7638641781692155e-03  -1.7592635135326704e-03
   5.0600000000000000e+02   1.7542177513076985e-03  -1.7809343887889495e-03
   5.0700000000000000e+02   1.7435176957037197e-03  -1.8022417244981238e-03
   5.0800000000000000e+02   1.7318029385561253e-03  -1.8231240459632323e-03
   5.0900000000000000e+02   1.7191162592924423e-03  -1.8435241229943235e-03
   5.1000000000000000e+02   1.7055038036248515e-03  -1.8633892224036970e-03
   5.1100000000000000e+02   1.6910145839215325e-03  -1.8826712990846236e-03
   5.1200000000000000e+02   1.6756999743388359e-03  -1.9013271261726305e-03
   5.1300000000000000e+02   1.6596132087049276e-03  -1.9193183660008474e-03
   5.1400000000000000e+02   1.6428088885180974e-03  -1.9366115846345395e-03
   5.1500000000000000e+02   1.6253425076586511e-03  -1.9531782136824041e-03
   5.1600000000000000e+02   1.6072699995492636e-03  -1.9689944638201008e-03
   5.1700000000000000e+02   1.5886473115719732e-03  -1.9840411950193143e-03
   5.1800000000000000e+02   1.5695300105959874e-03  -1.9983037488552403e-03
   5.1900000000000000e+02   1.5499729225209766e-03  -2.0117717484752235e-03
   5.2000000000000000e+02   1.5300298078237740e-03  -2.0244388718646832e-03
   5.2100000000000000e+02   1.5097530742350989e-03  -2.0363026039610104e-03
   5.2200000000000000e+02   1.4891935268854953e-03  -2.0473639729615524e-03
   5.2300000000000000e+02   1.4684001555586583e-03  -2.0576272758696950e-03
   5.2400000000000000e+02   1.4474199580841380e-03  -2.0670997979447686e-03
   5.2500000000000000e+02   1.4262977983934516e-03  -2.0757915302882478e-03
   5.2600000000000000e+02   1.4050762973539567e-03  -2.0837148893298680e-03
   5.2700000000000000e+02   1.3837957541800547e-03  -2.0908844414906569e-03
   5.2800000000000000e+02   1.3624940959954242e-03  -2.0973166358108806e-03
   5.2900000000000000e+02   1.3412068529756618e-03  -2.1030295468523873e-03
   5.3000000000000000e+02   1.3199671564285641e-03  -2.1080426297274716e-03
   5.3100000000000000e+02   1.2988057571602534e-03  -2.1123764886779865e-03
   5.3200000000000000e+02   1.2777510615190118e-03  -2.1160526602350431e-03
   5.3300000000000000e+02   1.2568291825960261e-03  -2.1190934116347934e-03
   5.3400000000000000e+02   1.2360640041835054e-03  -2.1215215548516502e-03
   5.3500000000000000e+02   1.2154772552378295e-03  -2.1233602763371861e-03
   5.3600000000000000e+02   1.1950885927604544e-03  -2.1246329823202724e-03
   5.3700000000000000e+02   1.1749156911858584e-03  -2.1253631593299233e-03
   5.3800000000000000e+02   1.1549743365478554e-03  -2.1255742494445088e-03
   5.3900000000000000e+02   1.1352785238783415e-03  -2.1252895396465408e-03
   5.4000000000000000e+02   1.1158405564721651e-03  -2.1245320645678629e-03
   5.4100000000000000e+02   1.0966711458249513e-03  -2.1233245218425685e-03
   5.4200000000000000e+02   1.0777795112153292e-03  -2.1216891992408161e-03
   5.4300000000000000e+02   1.0591734780570645e-03  -2.1196479127327320e-03
   5.4400000000000000e+02   1.0408595742892979e-03  -2.1172219546246249e-03
   5.4500000000000000e+02   1.0228431242035082e-03  -2.1144320509168596e-03
   5.4600000000000000e+02   1.0051283392239255e-03  -2.1112983270513384e-03
   5.4700000000000000e+02   9.8771840526390062e-04  -2.1078402812441674e-03
   5.4800000000000000e+02   9.7061556637447919e-04  -2.1040767646336419e-03
   5.4900000000000000e+02   9.5382120448385627e-04  -2.1000259675133374e-03
   5.5000000000000000e+02   9.3733591509784935e-04  -2.0957054109632016e-03
   5.5100000000000000e+02   9.2115957889312653e-04  -2.0911319432367873e-03
   5.5200000000000000e+02   9.0529142918714146e-04  -2.0863217403090063e-03
   5.5300000000000000e+02   8.8973011531267394e-04  -2.0812903100351117e-03
   5.5400000000000000e+02   8.7447376196109737e-04  -2.0760524994172247e-03
   5.5500000000000000e+02   8.5952002458812050e-04  -2.0706225045191437e-03
   5.5600000000000000e+02   8.4486614099921198e-04  -2.0650138826128093e-03
   5.5700000000000000e+02   8.3050897925024002e-04  -2.0592395661804706e-03
   5.5800000000000000e+02   8.1644508201255924e-04  -2.0533118784349710e-03
   5.5900000000000000e+02   8.0267070756148489e-04  -2.0472425500565362e-03
   5.6000000000000000e+02   7.8918186755350833e-04  -2.0410427368779786e-03
   5.6100000000000000e+02   7.7597436176106980e-04  -2.0347230382812046e-03
   5.6200000000000000e+02   7.6304380993485045e-04  -2.0282935160964850e-03
   5.6300000000000000e+02   7.5038568096262169e-04  -2.0217637138220407e-03
   5.6400000000000000e+02   7.3799531949124528e-04  -2.0151426760053573e-03
   5.6500000000000000e+02   7.2586797017456497e-04  -2.0084389676491986e-03
   5.6600000000000000e+02   7.1399879970515158e-04  -2.0016606935248380e-03
   5.6700000000000000e+02   7.0238291678222835e-04  -1.9948155172925539e-03
   5.6800000000000000e+02   6.9101539016191754e-04  -1.9879106803451624e-03
   5.6900000000000000e+02   6.7989126492939555e-04  -1.9809530203043933e-03
   5.7000000000000000e+02   6.6900557712562634e-04  -1.9739489891123533e-03
   5.7100000000000000e+02   6.5835336685444079e-04  -1.9669046706713845e-03
   5.7200000000000000e+02   6.4792968998864217e-04  -1.9598257979952989e-03
   5.7300000000000000e+02   6.3772962858690363e-04  -1.9527177698435377e-03
   5.7400000000000000e+02   6.2774830012633949e-04  -1.9455856668172239e-03
   5.7500000000000000e+02   6.1798086564897217e-04  -1.9384342669025660e-03
   5.7600000000000000e+02   6.0842253691382716e-04  -1.9312680604526566e-03
   5.7700000000000000e+02   5.9906858264017842e-04  -1.9240912646035437e-03
   5.7800000000000000e+02   5.8991433392147335e-04  -1.9169078371245301e-03
   5.7900000000000000e+02   5.8095518888379302e-04  -1.9097214897061867e-03
   5.8000000000000000e+02   5.7218661665730305e-04  -1.9025357006924675e-03
   5.8100000000000000e+02   5.6360416072400571e-04  -1.8953537272657708e-03
   5.8200000000000000e+02   5.5520344170032344e-04  -1.8881786170958093e-03
   5.8300000000000000e+02   5.4698015960845999e-04  -1.8810132194647623e-03
   5.8400000000000000e+02   5.3893009568627723e-04  -1.8738601958825287e-03
   5.8500000000000000e+02   5.3104911378139069e-04  -1.8667220302068439e-03
   5.8600000000000000e+02   5.2333316137151724e-04  -1.8596010382838613e-03
   5.8700000000000000e+02   5.1577827024959868e-04  -1.8524993771252656e-03
   5.8800000000000000e+02   5.0838055690903463e-04  -1.8454190536384002e-03
   5.8900000000000000e+02   5.0113622266133838e-04  -1.8383619329260473e-03
   5.9000000000000000e+02   4.9404155351576520e-04  -1.8313297461725667e-03
   5.9100000000000000e+02   4.8709291984789605e-04  -1.8243240981330568e-03
   5.9200000000000000e+02   4.8028677588176559e-04  -1.8173464742420133e-03
   5.9300000000000000e+02   4.7361965900795394e-04  -1.8103982473577605e-03
   5.9400000000000000e+02   4.6708818895800972e-04  -1.8034806841586018e-03
   5.9500000000000000e+02   4.6068906685373763e-04  -1.7965949512062924e-03
   5.9600000000000000e+02   4.5441907414814125e-04  -1.7897421206920330e-03
   5.9700000000000000e+02   4.4827507147325872e-04  -1.7829231758797592e-03
   5.9800000000000000e+02   4.4225399740866161e-04  -1.7761390162610246e-03
   5.9900000000000000e+02   4.3635286718307848e-04  -1.7693904624353262e-03
   6.0000000000000000e+02   4.3056877132036857e-04  -1.7626782607292062e-03
